2576
2518
2592
3013
3315
3083
3401
4170
4619
5446
4636
4487
4543
4601
4343
5811
5479
4034
3937
2835
3814
4252
5807
4163
3052
4367
3093
2409
2553
3200
3942
2873
4612
3897
3163
4528
3926
2398
2681
2266
3768
3316
3707
2332
4088
2989
3446
3802
3388
2243
2224
2282
3557
2897
2317
3720
4617
4421
3143
2141
2707
3918
5611
7685
12285
13581
21616
20163
38193
31820
42078
30012
49728
47151
50637
48027
57858
33800
29422
57734
47086
47676
47235
22350
34549
27427
28096
31421
40902
54591
50036
57814
51845
24016
24246
12942
10216
6236
5735
4256
3980
4009
4088
6444
4505
3788
3921
4274
3597
3819
3889
4209
6338
6838
5866
4731
3209
4017
4975
4771
4373
4143
4240
4593
4053
3780
4005
2472
3859
3666
2403
2269
2723
3759
3794
2249
823
325
160
1028
2823
672
1854
340
27
193
858
658
68
795
673
16
15
14
22
403
674
35
41
694
1692
111
475
1810
21
